{"metadata":{"kernelspec":{"language":"python","display_name":"Python 3","name":"python3"},"language_info":{"name":"python","version":"3.10.13","mimetype":"text/x-python","codemirror_mode":{"name":"ipython","version":3},"pygments_lexer":"ipython3","nbconvert_exporter":"python","file_extension":".py"},"kaggle":{"accelerator":"none","dataSources":[{"sourceId":8449565,"sourceType":"datasetVersion","datasetId":5035256}],"dockerImageVersionId":30698,"isInternetEnabled":false,"language":"python","sourceType":"notebook","isGpuEnabled":false}},"nbformat_minor":4,"nbformat":4,"cells":[{"cell_type":"code","source":"# This Python 3 environment comes with many helpful analytics libraries installed\n# It is defined by the kaggle/python Docker image: https://github.com/kaggle/docker-python\n# For example, here's several helpful packages to load\n\nimport numpy as np # linear algebra\nimport pandas as pd # data processing, CSV file I/O (e.g. pd.read_csv)\n\n# Input data files are available in the read-only \"../input/\" directory\n# For example, running this (by clicking run or pressing Shift+Enter) will list all files under the input directory\n\nimport os\nfor dirname, _, filenames in os.walk('/kaggle/input'):\n    for filename in filenames:\n        print(os.path.join(dirname, filename))\n\n# You can write up to 20GB to the current directory (/kaggle/working/) that gets preserved as output when you create a version using \"Save & Run All\" \n# You can also write temporary files to /kaggle/temp/, but they won't be saved outside of the current session","metadata":{"_uuid":"8f2839f25d086af736a60e9eeb907d3b93b6e0e5","_cell_guid":"b1076dfc-b9ad-4769-8c92-a6c4dae69d19","execution":{"iopub.status.busy":"2024-05-27T07:28:23.816657Z","iopub.execute_input":"2024-05-27T07:28:23.817153Z","iopub.status.idle":"2024-05-27T07:28:24.325592Z","shell.execute_reply.started":"2024-05-27T07:28:23.817113Z","shell.execute_reply":"2024-05-27T07:28:24.324525Z"},"trusted":true},"execution_count":1,"outputs":[{"name":"stdout","text":"/kaggle/input/credit-card-eligibility-data-determining-factors/dataset.csv\n","output_type":"stream"}]},{"cell_type":"code","source":"import numpy as  np\nimport pandas as pd\nimport seaborn as sns\nimport matplotlib.pyplot as plt","metadata":{"execution":{"iopub.status.busy":"2024-05-27T07:28:24.327630Z","iopub.execute_input":"2024-05-27T07:28:24.328561Z","iopub.status.idle":"2024-05-27T07:28:25.075476Z","shell.execute_reply.started":"2024-05-27T07:28:24.328521Z","shell.execute_reply":"2024-05-27T07:28:25.074436Z"},"trusted":true},"execution_count":2,"outputs":[]},{"cell_type":"code","source":"data = pd.read_csv('/kaggle/input/credit-card-eligibility-data-determining-factors/dataset.csv')","metadata":{"execution":{"iopub.status.busy":"2024-05-27T07:28:25.077117Z","iopub.execute_input":"2024-05-27T07:28:25.078128Z","iopub.status.idle":"2024-05-27T07:28:25.159561Z","shell.execute_reply.started":"2024-05-27T07:28:25.078088Z","shell.execute_reply":"2024-05-27T07:28:25.158138Z"},"trusted":true},"execution_count":3,"outputs":[]},{"cell_type":"code","source":"data.head()","metadata":{"execution":{"iopub.status.busy":"2024-05-27T07:28:25.164168Z","iopub.execute_input":"2024-05-27T07:28:25.164719Z","iopub.status.idle":"2024-05-27T07:28:25.208133Z","shell.execute_reply.started":"2024-05-27T07:28:25.164674Z","shell.execute_reply":"2024-05-27T07:28:25.206475Z"},"trusted":true},"execution_count":4,"outputs":[{"execution_count":4,"output_type":"execute_result","data":{"text/plain":"        ID  Gender  Own_car  Own_property  Work_phone  Phone  Email  \\\n0  5008804       1        1             1           1      0      0   \n1  5008806       1        1             1           0      0      0   \n2  5008808       0        0             1           0      1      1   \n3  5008812       0        0             1           0      0      0   \n4  5008815       1        1             1           1      1      1   \n\n   Unemployed  Num_children  Num_family  Account_length  Total_income  \\\n0           0             0           2              15      427500.0   \n1           0             0           2              29      112500.0   \n2           0             0           1               4      270000.0   \n3           1             0           1              20      283500.0   \n4           0             0           2               5      270000.0   \n\n         Age  Years_employed           Income_type  \\\n0  32.868574       12.435574               Working   \n1  58.793815        3.104787               Working   \n2  52.321403        8.353354  Commercial associate   \n3  61.504343        0.000000             Pensioner   \n4  46.193967        2.105450               Working   \n\n                  Education_type         Family_status       Housing_type  \\\n0               Higher education        Civil marriage   Rented apartment   \n1  Secondary / secondary special               Married  House / apartment   \n2  Secondary / secondary special  Single / not married  House / apartment   \n3               Higher education             Separated  House / apartment   \n4               Higher education               Married  House / apartment   \n\n  Occupation_type  Target  \n0           Other       1  \n1  Security staff       0  \n2     Sales staff       0  \n3           Other       0  \n4     Accountants       0  ","text/html":"<div>\n<style scoped>\n    .dataframe tbody tr th:only-of-type {\n        vertical-align: middle;\n    }\n\n    .dataframe tbody tr th {\n        vertical-align: top;\n    }\n\n    .dataframe thead th {\n        text-align: right;\n    }\n</style>\n<table border=\"1\" class=\"dataframe\">\n  <thead>\n    <tr style=\"text-align: right;\">\n      <th></th>\n      <th>ID</th>\n      <th>Gender</th>\n      <th>Own_car</th>\n      <th>Own_property</th>\n      <th>Work_phone</th>\n      <th>Phone</th>\n      <th>Email</th>\n      <th>Unemployed</th>\n      <th>Num_children</th>\n      <th>Num_family</th>\n      <th>Account_length</th>\n      <th>Total_income</th>\n      <th>Age</th>\n      <th>Years_employed</th>\n      <th>Income_type</th>\n      <th>Education_type</th>\n      <th>Family_status</th>\n      <th>Housing_type</th>\n      <th>Occupation_type</th>\n      <th>Target</th>\n    </tr>\n  </thead>\n  <tbody>\n    <tr>\n      <th>0</th>\n      <td>5008804</td>\n      <td>1</td>\n      <td>1</td>\n      <td>1</td>\n      <td>1</td>\n      <td>0</td>\n      <td>0</td>\n      <td>0</td>\n      <td>0</td>\n      <td>2</td>\n      <td>15</td>\n      <td>427500.0</td>\n      <td>32.868574</td>\n      <td>12.435574</td>\n      <td>Working</td>\n      <td>Higher education</td>\n      <td>Civil marriage</td>\n      <td>Rented apartment</td>\n      <td>Other</td>\n      <td>1</td>\n    </tr>\n    <tr>\n      <th>1</th>\n      <td>5008806</td>\n      <td>1</td>\n      <td>1</td>\n      <td>1</td>\n      <td>0</td>\n      <td>0</td>\n      <td>0</td>\n      <td>0</td>\n      <td>0</td>\n      <td>2</td>\n      <td>29</td>\n      <td>112500.0</td>\n      <td>58.793815</td>\n      <td>3.104787</td>\n      <td>Working</td>\n      <td>Secondary / secondary special</td>\n      <td>Married</td>\n      <td>House / apartment</td>\n      <td>Security staff</td>\n      <td>0</td>\n    </tr>\n    <tr>\n      <th>2</th>\n      <td>5008808</td>\n      <td>0</td>\n      <td>0</td>\n      <td>1</td>\n      <td>0</td>\n      <td>1</td>\n      <td>1</td>\n      <td>0</td>\n      <td>0</td>\n      <td>1</td>\n      <td>4</td>\n      <td>270000.0</td>\n      <td>52.321403</td>\n      <td>8.353354</td>\n      <td>Commercial associate</td>\n      <td>Secondary / secondary special</td>\n      <td>Single / not married</td>\n      <td>House / apartment</td>\n      <td>Sales staff</td>\n      <td>0</td>\n    </tr>\n    <tr>\n      <th>3</th>\n      <td>5008812</td>\n      <td>0</td>\n      <td>0</td>\n      <td>1</td>\n      <td>0</td>\n      <td>0</td>\n      <td>0</td>\n      <td>1</td>\n      <td>0</td>\n      <td>1</td>\n      <td>20</td>\n      <td>283500.0</td>\n      <td>61.504343</td>\n      <td>0.000000</td>\n      <td>Pensioner</td>\n      <td>Higher education</td>\n      <td>Separated</td>\n      <td>House / apartment</td>\n      <td>Other</td>\n      <td>0</td>\n    </tr>\n    <tr>\n      <th>4</th>\n      <td>5008815</td>\n      <td>1</td>\n      <td>1</td>\n      <td>1</td>\n      <td>1</td>\n      <td>1</td>\n      <td>1</td>\n      <td>0</td>\n      <td>0</td>\n      <td>2</td>\n      <td>5</td>\n      <td>270000.0</td>\n      <td>46.193967</td>\n      <td>2.105450</td>\n      <td>Working</td>\n      <td>Higher education</td>\n      <td>Married</td>\n      <td>House / apartment</td>\n      <td>Accountants</td>\n      <td>0</td>\n    </tr>\n  </tbody>\n</table>\n</div>"},"metadata":{}}]},{"cell_type":"code","source":"data.info()","metadata":{"execution":{"iopub.status.busy":"2024-05-27T07:28:25.210227Z","iopub.execute_input":"2024-05-27T07:28:25.211031Z","iopub.status.idle":"2024-05-27T07:28:25.249505Z","shell.execute_reply.started":"2024-05-27T07:28:25.210956Z","shell.execute_reply":"2024-05-27T07:28:25.248513Z"},"trusted":true},"execution_count":5,"outputs":[{"name":"stdout","text":"<class 'pandas.core.frame.DataFrame'>\nRangeIndex: 9709 entries, 0 to 9708\nData columns (total 20 columns):\n #   Column           Non-Null Count  Dtype  \n---  ------           --------------  -----  \n 0   ID               9709 non-null   int64  \n 1   Gender           9709 non-null   int64  \n 2   Own_car          9709 non-null   int64  \n 3   Own_property     9709 non-null   int64  \n 4   Work_phone       9709 non-null   int64  \n 5   Phone            9709 non-null   int64  \n 6   Email            9709 non-null   int64  \n 7   Unemployed       9709 non-null   int64  \n 8   Num_children     9709 non-null   int64  \n 9   Num_family       9709 non-null   int64  \n 10  Account_length   9709 non-null   int64  \n 11  Total_income     9709 non-null   float64\n 12  Age              9709 non-null   float64\n 13  Years_employed   9709 non-null   float64\n 14  Income_type      9709 non-null   object \n 15  Education_type   9709 non-null   object \n 16  Family_status    9709 non-null   object \n 17  Housing_type     9709 non-null   object \n 18  Occupation_type  9709 non-null   object \n 19  Target           9709 non-null   int64  \ndtypes: float64(3), int64(12), object(5)\nmemory usage: 1.5+ MB\n","output_type":"stream"}]},{"cell_type":"code","source":"data['Income_type'].unique()","metadata":{"execution":{"iopub.status.busy":"2024-05-27T07:28:25.251305Z","iopub.execute_input":"2024-05-27T07:28:25.252041Z","iopub.status.idle":"2024-05-27T07:28:25.261345Z","shell.execute_reply.started":"2024-05-27T07:28:25.252003Z","shell.execute_reply":"2024-05-27T07:28:25.260081Z"},"trusted":true},"execution_count":6,"outputs":[{"execution_count":6,"output_type":"execute_result","data":{"text/plain":"array(['Working', 'Commercial associate', 'Pensioner', 'State servant',\n       'Student'], dtype=object)"},"metadata":{}}]},{"cell_type":"code","source":"from sklearn.preprocessing import LabelEncoder\ncolumns_to_encode = ['Income_type', 'Education_type', 'Family_status', 'Housing_type', 'Occupation_type']\n\n# Initialize LabelEncoder\nlabel_encoder = LabelEncoder()\n\n# Apply LabelEncoder to each column\ndata[columns_to_encode] = data[columns_to_encode].apply(lambda col: label_encoder.fit_transform(col))\n\n# Now, df contains the encoded values\n","metadata":{"execution":{"iopub.status.busy":"2024-05-27T07:28:25.262994Z","iopub.execute_input":"2024-05-27T07:28:25.263533Z","iopub.status.idle":"2024-05-27T07:28:25.466377Z","shell.execute_reply.started":"2024-05-27T07:28:25.263495Z","shell.execute_reply":"2024-05-27T07:28:25.465182Z"},"trusted":true},"execution_count":7,"outputs":[]},{"cell_type":"code","source":"data.head()","metadata":{"execution":{"iopub.status.busy":"2024-05-27T07:28:25.469125Z","iopub.execute_input":"2024-05-27T07:28:25.469857Z","iopub.status.idle":"2024-05-27T07:28:25.490811Z","shell.execute_reply.started":"2024-05-27T07:28:25.469811Z","shell.execute_reply":"2024-05-27T07:28:25.489630Z"},"trusted":true},"execution_count":8,"outputs":[{"execution_count":8,"output_type":"execute_result","data":{"text/plain":"        ID  Gender  Own_car  Own_property  Work_phone  Phone  Email  \\\n0  5008804       1        1             1           1      0      0   \n1  5008806       1        1             1           0      0      0   \n2  5008808       0        0             1           0      1      1   \n3  5008812       0        0             1           0      0      0   \n4  5008815       1        1             1           1      1      1   \n\n   Unemployed  Num_children  Num_family  Account_length  Total_income  \\\n0           0             0           2              15      427500.0   \n1           0             0           2              29      112500.0   \n2           0             0           1               4      270000.0   \n3           1             0           1              20      283500.0   \n4           0             0           2               5      270000.0   \n\n         Age  Years_employed  Income_type  Education_type  Family_status  \\\n0  32.868574       12.435574            4               1              0   \n1  58.793815        3.104787            4               4              1   \n2  52.321403        8.353354            0               4              3   \n3  61.504343        0.000000            1               1              2   \n4  46.193967        2.105450            4               1              1   \n\n   Housing_type  Occupation_type  Target  \n0             4               12       1  \n1             1               17       0  \n2             1               15       0  \n3             1               12       0  \n4             1                0       0  ","text/html":"<div>\n<style scoped>\n    .dataframe tbody tr th:only-of-type {\n        vertical-align: middle;\n    }\n\n    .dataframe tbody tr th {\n        vertical-align: top;\n    }\n\n    .dataframe thead th {\n        text-align: right;\n    }\n</style>\n<table border=\"1\" class=\"dataframe\">\n  <thead>\n    <tr style=\"text-align: right;\">\n      <th></th>\n      <th>ID</th>\n      <th>Gender</th>\n      <th>Own_car</th>\n      <th>Own_property</th>\n      <th>Work_phone</th>\n      <th>Phone</th>\n      <th>Email</th>\n      <th>Unemployed</th>\n      <th>Num_children</th>\n      <th>Num_family</th>\n      <th>Account_length</th>\n      <th>Total_income</th>\n      <th>Age</th>\n      <th>Years_employed</th>\n      <th>Income_type</th>\n      <th>Education_type</th>\n      <th>Family_status</th>\n      <th>Housing_type</th>\n      <th>Occupation_type</th>\n      <th>Target</th>\n    </tr>\n  </thead>\n  <tbody>\n    <tr>\n      <th>0</th>\n      <td>5008804</td>\n      <td>1</td>\n      <td>1</td>\n      <td>1</td>\n      <td>1</td>\n      <td>0</td>\n      <td>0</td>\n      <td>0</td>\n      <td>0</td>\n      <td>2</td>\n      <td>15</td>\n      <td>427500.0</td>\n      <td>32.868574</td>\n      <td>12.435574</td>\n      <td>4</td>\n      <td>1</td>\n      <td>0</td>\n      <td>4</td>\n      <td>12</td>\n      <td>1</td>\n    </tr>\n    <tr>\n      <th>1</th>\n      <td>5008806</td>\n      <td>1</td>\n      <td>1</td>\n      <td>1</td>\n      <td>0</td>\n      <td>0</td>\n      <td>0</td>\n      <td>0</td>\n      <td>0</td>\n      <td>2</td>\n      <td>29</td>\n      <td>112500.0</td>\n      <td>58.793815</td>\n      <td>3.104787</td>\n      <td>4</td>\n      <td>4</td>\n      <td>1</td>\n      <td>1</td>\n      <td>17</td>\n      <td>0</td>\n    </tr>\n    <tr>\n      <th>2</th>\n      <td>5008808</td>\n      <td>0</td>\n      <td>0</td>\n      <td>1</td>\n      <td>0</td>\n      <td>1</td>\n      <td>1</td>\n      <td>0</td>\n      <td>0</td>\n      <td>1</td>\n      <td>4</td>\n      <td>270000.0</td>\n      <td>52.321403</td>\n      <td>8.353354</td>\n      <td>0</td>\n      <td>4</td>\n      <td>3</td>\n      <td>1</td>\n      <td>15</td>\n      <td>0</td>\n    </tr>\n    <tr>\n      <th>3</th>\n      <td>5008812</td>\n      <td>0</td>\n      <td>0</td>\n      <td>1</td>\n      <td>0</td>\n      <td>0</td>\n      <td>0</td>\n      <td>1</td>\n      <td>0</td>\n      <td>1</td>\n      <td>20</td>\n      <td>283500.0</td>\n      <td>61.504343</td>\n      <td>0.000000</td>\n      <td>1</td>\n      <td>1</td>\n      <td>2</td>\n      <td>1</td>\n      <td>12</td>\n      <td>0</td>\n    </tr>\n    <tr>\n      <th>4</th>\n      <td>5008815</td>\n      <td>1</td>\n      <td>1</td>\n      <td>1</td>\n      <td>1</td>\n      <td>1</td>\n      <td>1</td>\n      <td>0</td>\n      <td>0</td>\n      <td>2</td>\n      <td>5</td>\n      <td>270000.0</td>\n      <td>46.193967</td>\n      <td>2.105450</td>\n      <td>4</td>\n      <td>1</td>\n      <td>1</td>\n      <td>1</td>\n      <td>0</td>\n      <td>0</td>\n    </tr>\n  </tbody>\n</table>\n</div>"},"metadata":{}}]},{"cell_type":"code","source":"data.info()","metadata":{"execution":{"iopub.status.busy":"2024-05-27T07:28:25.492737Z","iopub.execute_input":"2024-05-27T07:28:25.493195Z","iopub.status.idle":"2024-05-27T07:28:25.508588Z","shell.execute_reply.started":"2024-05-27T07:28:25.493156Z","shell.execute_reply":"2024-05-27T07:28:25.507316Z"},"trusted":true},"execution_count":9,"outputs":[{"name":"stdout","text":"<class 'pandas.core.frame.DataFrame'>\nRangeIndex: 9709 entries, 0 to 9708\nData columns (total 20 columns):\n #   Column           Non-Null Count  Dtype  \n---  ------           --------------  -----  \n 0   ID               9709 non-null   int64  \n 1   Gender           9709 non-null   int64  \n 2   Own_car          9709 non-null   int64  \n 3   Own_property     9709 non-null   int64  \n 4   Work_phone       9709 non-null   int64  \n 5   Phone            9709 non-null   int64  \n 6   Email            9709 non-null   int64  \n 7   Unemployed       9709 non-null   int64  \n 8   Num_children     9709 non-null   int64  \n 9   Num_family       9709 non-null   int64  \n 10  Account_length   9709 non-null   int64  \n 11  Total_income     9709 non-null   float64\n 12  Age              9709 non-null   float64\n 13  Years_employed   9709 non-null   float64\n 14  Income_type      9709 non-null   int64  \n 15  Education_type   9709 non-null   int64  \n 16  Family_status    9709 non-null   int64  \n 17  Housing_type     9709 non-null   int64  \n 18  Occupation_type  9709 non-null   int64  \n 19  Target           9709 non-null   int64  \ndtypes: float64(3), int64(17)\nmemory usage: 1.5 MB\n","output_type":"stream"}]},{"cell_type":"code","source":"data.corr()","metadata":{"execution":{"iopub.status.busy":"2024-05-27T07:28:25.512779Z","iopub.execute_input":"2024-05-27T07:28:25.513341Z","iopub.status.idle":"2024-05-27T07:28:25.567378Z","shell.execute_reply.started":"2024-05-27T07:28:25.513296Z","shell.execute_reply":"2024-05-27T07:28:25.566160Z"},"trusted":true},"execution_count":10,"outputs":[{"execution_count":10,"output_type":"execute_result","data":{"text/plain":"                       ID    Gender   Own_car  Own_property  Work_phone  \\\nID               1.000000  0.014427 -0.003829     -0.071906    0.067723   \nGender           0.014427  1.000000  0.355420     -0.056067    0.059095   \nOwn_car         -0.003829  0.355420  1.000000     -0.010190    0.029406   \nOwn_property    -0.071906 -0.056067 -0.010190      1.000000   -0.184285   \nWork_phone       0.067723  0.059095  0.029406     -0.184285    1.000000   \nPhone            0.005400 -0.019123  0.004253     -0.052136    0.288331   \nEmail           -0.025062  0.006548  0.022261      0.056014   -0.040473   \nUnemployed      -0.029437 -0.168753 -0.145493      0.086675   -0.242499   \nNum_children     0.021149  0.054211  0.089565     -0.000480    0.052890   \nNum_family       0.015102  0.078460  0.138548      0.008782    0.062499   \nAccount_length  -0.005465 -0.008431  0.025058     -0.009627    0.015013   \nTotal_income    -0.003212  0.200750  0.221874      0.025562   -0.030854   \nAge             -0.040211 -0.173157 -0.127670      0.134602   -0.180719   \nYears_employed  -0.019097 -0.028231  0.019096     -0.021443    0.107966   \nIncome_type      0.012088  0.085587  0.040707     -0.045539    0.148185   \nEducation_type  -0.006954  0.007809 -0.096814      0.010153   -0.015379   \nFamily_status    0.006295 -0.073405 -0.124707     -0.012050   -0.052364   \nHousing_type     0.013689  0.058014 -0.002279     -0.182716    0.034792   \nOccupation_type  0.000904 -0.109833 -0.092603      0.022375   -0.079943   \nTarget           0.000384  0.015033 -0.006787     -0.028227   -0.002919   \n\n                    Phone     Email  Unemployed  Num_children  Num_family  \\\nID               0.005400 -0.025062   -0.029437      0.021149    0.015102   \nGender          -0.019123  0.006548   -0.168753      0.054211    0.078460   \nOwn_car          0.004253  0.022261   -0.145493      0.089565    0.138548   \nOwn_property    -0.052136  0.056014    0.086675     -0.000480    0.008782   \nWork_phone       0.288331 -0.040473   -0.242499      0.052890    0.062499   \nPhone            1.000000  0.007631    0.000066     -0.023997   -0.013669   \nEmail            0.007631  1.000000   -0.081081      0.010271    0.004601   \nUnemployed       0.000066 -0.081081    1.000000     -0.224611   -0.212479   \nNum_children    -0.023997  0.010271   -0.224611      1.000000    0.889970   \nNum_family      -0.013669  0.004601   -0.212479      0.889970    1.000000   \nAccount_length   0.021386 -0.024376    0.005605     -0.009064    0.012132   \nTotal_income     0.021051  0.092321   -0.166422      0.031950    0.028992   \nAge              0.044856 -0.110262    0.617513     -0.322574   -0.275471   \nYears_employed   0.041816 -0.004703   -0.410936      0.039159    0.055838   \nIncome_type     -0.009908 -0.015065   -0.361578      0.103998    0.094410   \nEducation_type  -0.046090 -0.105466    0.115356     -0.025980   -0.020336   \nFamily_status   -0.009700 -0.002141    0.107131     -0.147216   -0.529024   \nHousing_type    -0.027076  0.020649   -0.105767      0.013321   -0.019316   \nOccupation_type -0.002375 -0.024375    0.299027     -0.079397   -0.076416   \nTarget          -0.009461  0.007184   -0.024926      0.011715    0.007077   \n\n                 Account_length  Total_income       Age  Years_employed  \\\nID                    -0.005465     -0.003212 -0.040211       -0.019097   \nGender                -0.008431      0.200750 -0.173157       -0.028231   \nOwn_car                0.025058      0.221874 -0.127670        0.019096   \nOwn_property          -0.009627      0.025562  0.134602       -0.021443   \nWork_phone             0.015013     -0.030854 -0.180719        0.107966   \nPhone                  0.021386      0.021051  0.044856        0.041816   \nEmail                 -0.024376      0.092321 -0.110262       -0.004703   \nUnemployed             0.005605     -0.166422  0.617513       -0.410936   \nNum_children          -0.009064      0.031950 -0.322574        0.039159   \nNum_family             0.012132      0.028992 -0.275471        0.055838   \nAccount_length         1.000000      0.023211  0.088337        0.083700   \nTotal_income           0.023211      1.000000 -0.064262        0.087641   \nAge                    0.088337     -0.064262  1.000000       -0.015183   \nYears_employed         0.083700      0.087641 -0.015183        1.000000   \nIncome_type           -0.024212     -0.074727 -0.218008        0.171930   \nEducation_type         0.002673     -0.238137  0.153146       -0.032876   \nFamily_status         -0.030336     -0.018963  0.074095       -0.053158   \nHousing_type          -0.053259     -0.006063 -0.220939       -0.031775   \nOccupation_type        0.001916     -0.067615  0.183317       -0.162818   \nTarget                 0.077492      0.018784 -0.043654       -0.009346   \n\n                 Income_type  Education_type  Family_status  Housing_type  \\\nID                  0.012088       -0.006954       0.006295      0.013689   \nGender              0.085587        0.007809      -0.073405      0.058014   \nOwn_car             0.040707       -0.096814      -0.124707     -0.002279   \nOwn_property       -0.045539        0.010153      -0.012050     -0.182716   \nWork_phone          0.148185       -0.015379      -0.052364      0.034792   \nPhone              -0.009908       -0.046090      -0.009700     -0.027076   \nEmail              -0.015065       -0.105466      -0.002141      0.020649   \nUnemployed         -0.361578        0.115356       0.107131     -0.105767   \nNum_children        0.103998       -0.025980      -0.147216      0.013321   \nNum_family          0.094410       -0.020336      -0.529024     -0.019316   \nAccount_length     -0.024212        0.002673      -0.030336     -0.053259   \nTotal_income       -0.074727       -0.238137      -0.018963     -0.006063   \nAge                -0.218008        0.153146       0.074095     -0.220939   \nYears_employed      0.171930       -0.032876      -0.053158     -0.031775   \nIncome_type         1.000000        0.065048      -0.031734      0.045609   \nEducation_type      0.065048        1.000000       0.003590     -0.032275   \nFamily_status      -0.031734        0.003590       1.000000      0.040451   \nHousing_type        0.045609       -0.032275       0.040451      1.000000   \nOccupation_type    -0.120412        0.089818       0.029128     -0.040247   \nTarget              0.004886       -0.013104       0.007497      0.014992   \n\n                 Occupation_type    Target  \nID                      0.000904  0.000384  \nGender                 -0.109833  0.015033  \nOwn_car                -0.092603 -0.006787  \nOwn_property            0.022375 -0.028227  \nWork_phone             -0.079943 -0.002919  \nPhone                  -0.002375 -0.009461  \nEmail                  -0.024375  0.007184  \nUnemployed              0.299027 -0.024926  \nNum_children           -0.079397  0.011715  \nNum_family             -0.076416  0.007077  \nAccount_length          0.001916  0.077492  \nTotal_income           -0.067615  0.018784  \nAge                     0.183317 -0.043654  \nYears_employed         -0.162818 -0.009346  \nIncome_type            -0.120412  0.004886  \nEducation_type          0.089818 -0.013104  \nFamily_status           0.029128  0.007497  \nHousing_type           -0.040247  0.014992  \nOccupation_type         1.000000 -0.018049  \nTarget                 -0.018049  1.000000  ","text/html":"<div>\n<style scoped>\n    .dataframe tbody tr th:only-of-type {\n        vertical-align: middle;\n    }\n\n    .dataframe tbody tr th {\n        vertical-align: top;\n    }\n\n    .dataframe thead th {\n        text-align: right;\n    }\n</style>\n<table border=\"1\" class=\"dataframe\">\n  <thead>\n    <tr style=\"text-align: right;\">\n      <th></th>\n      <th>ID</th>\n      <th>Gender</th>\n      <th>Own_car</th>\n      <th>Own_property</th>\n      <th>Work_phone</th>\n      <th>Phone</th>\n      <th>Email</th>\n      <th>Unemployed</th>\n      <th>Num_children</th>\n      <th>Num_family</th>\n      <th>Account_length</th>\n      <th>Total_income</th>\n      <th>Age</th>\n      <th>Years_employed</th>\n      <th>Income_type</th>\n      <th>Education_type</th>\n      <th>Family_status</th>\n      <th>Housing_type</th>\n      <th>Occupation_type</th>\n      <th>Target</th>\n    </tr>\n  </thead>\n  <tbody>\n    <tr>\n      <th>ID</th>\n      <td>1.000000</td>\n      <td>0.014427</td>\n      <td>-0.003829</td>\n      <td>-0.071906</td>\n      <td>0.067723</td>\n      <td>0.005400</td>\n      <td>-0.025062</td>\n      <td>-0.029437</td>\n      <td>0.021149</td>\n      <td>0.015102</td>\n      <td>-0.005465</td>\n      <td>-0.003212</td>\n      <td>-0.040211</td>\n      <td>-0.019097</td>\n      <td>0.012088</td>\n      <td>-0.006954</td>\n      <td>0.006295</td>\n      <td>0.013689</td>\n      <td>0.000904</td>\n      <td>0.000384</td>\n    </tr>\n    <tr>\n      <th>Gender</th>\n      <td>0.014427</td>\n      <td>1.000000</td>\n      <td>0.355420</td>\n      <td>-0.056067</td>\n      <td>0.059095</td>\n      <td>-0.019123</td>\n      <td>0.006548</td>\n      <td>-0.168753</td>\n      <td>0.054211</td>\n      <td>0.078460</td>\n      <td>-0.008431</td>\n      <td>0.200750</td>\n      <td>-0.173157</td>\n      <td>-0.028231</td>\n      <td>0.085587</td>\n      <td>0.007809</td>\n      <td>-0.073405</td>\n      <td>0.058014</td>\n      <td>-0.109833</td>\n      <td>0.015033</td>\n    </tr>\n    <tr>\n      <th>Own_car</th>\n      <td>-0.003829</td>\n      <td>0.355420</td>\n      <td>1.000000</td>\n      <td>-0.010190</td>\n      <td>0.029406</td>\n      <td>0.004253</td>\n      <td>0.022261</td>\n      <td>-0.145493</td>\n      <td>0.089565</td>\n      <td>0.138548</td>\n      <td>0.025058</td>\n      <td>0.221874</td>\n      <td>-0.127670</td>\n      <td>0.019096</td>\n      <td>0.040707</td>\n      <td>-0.096814</td>\n      <td>-0.124707</td>\n      <td>-0.002279</td>\n      <td>-0.092603</td>\n      <td>-0.006787</td>\n    </tr>\n    <tr>\n      <th>Own_property</th>\n      <td>-0.071906</td>\n      <td>-0.056067</td>\n      <td>-0.010190</td>\n      <td>1.000000</td>\n      <td>-0.184285</td>\n      <td>-0.052136</td>\n      <td>0.056014</td>\n      <td>0.086675</td>\n      <td>-0.000480</td>\n      <td>0.008782</td>\n      <td>-0.009627</td>\n      <td>0.025562</td>\n      <td>0.134602</td>\n      <td>-0.021443</td>\n      <td>-0.045539</td>\n      <td>0.010153</td>\n      <td>-0.012050</td>\n      <td>-0.182716</td>\n      <td>0.022375</td>\n      <td>-0.028227</td>\n    </tr>\n    <tr>\n      <th>Work_phone</th>\n      <td>0.067723</td>\n      <td>0.059095</td>\n      <td>0.029406</td>\n      <td>-0.184285</td>\n      <td>1.000000</td>\n      <td>0.288331</td>\n      <td>-0.040473</td>\n      <td>-0.242499</td>\n      <td>0.052890</td>\n      <td>0.062499</td>\n      <td>0.015013</td>\n      <td>-0.030854</td>\n      <td>-0.180719</td>\n      <td>0.107966</td>\n      <td>0.148185</td>\n      <td>-0.015379</td>\n      <td>-0.052364</td>\n      <td>0.034792</td>\n      <td>-0.079943</td>\n      <td>-0.002919</td>\n    </tr>\n    <tr>\n      <th>Phone</th>\n      <td>0.005400</td>\n      <td>-0.019123</td>\n      <td>0.004253</td>\n      <td>-0.052136</td>\n      <td>0.288331</td>\n      <td>1.000000</td>\n      <td>0.007631</td>\n      <td>0.000066</td>\n      <td>-0.023997</td>\n      <td>-0.013669</td>\n      <td>0.021386</td>\n      <td>0.021051</td>\n      <td>0.044856</td>\n      <td>0.041816</td>\n      <td>-0.009908</td>\n      <td>-0.046090</td>\n      <td>-0.009700</td>\n      <td>-0.027076</td>\n      <td>-0.002375</td>\n      <td>-0.009461</td>\n    </tr>\n    <tr>\n      <th>Email</th>\n      <td>-0.025062</td>\n      <td>0.006548</td>\n      <td>0.022261</td>\n      <td>0.056014</td>\n      <td>-0.040473</td>\n      <td>0.007631</td>\n      <td>1.000000</td>\n      <td>-0.081081</td>\n      <td>0.010271</td>\n      <td>0.004601</td>\n      <td>-0.024376</td>\n      <td>0.092321</td>\n      <td>-0.110262</td>\n      <td>-0.004703</td>\n      <td>-0.015065</td>\n      <td>-0.105466</td>\n      <td>-0.002141</td>\n      <td>0.020649</td>\n      <td>-0.024375</td>\n      <td>0.007184</td>\n    </tr>\n    <tr>\n      <th>Unemployed</th>\n      <td>-0.029437</td>\n      <td>-0.168753</td>\n      <td>-0.145493</td>\n      <td>0.086675</td>\n      <td>-0.242499</td>\n      <td>0.000066</td>\n      <td>-0.081081</td>\n      <td>1.000000</td>\n      <td>-0.224611</td>\n      <td>-0.212479</td>\n      <td>0.005605</td>\n      <td>-0.166422</td>\n      <td>0.617513</td>\n      <td>-0.410936</td>\n      <td>-0.361578</td>\n      <td>0.115356</td>\n      <td>0.107131</td>\n      <td>-0.105767</td>\n      <td>0.299027</td>\n      <td>-0.024926</td>\n    </tr>\n    <tr>\n      <th>Num_children</th>\n      <td>0.021149</td>\n      <td>0.054211</td>\n      <td>0.089565</td>\n      <td>-0.000480</td>\n      <td>0.052890</td>\n      <td>-0.023997</td>\n      <td>0.010271</td>\n      <td>-0.224611</td>\n      <td>1.000000</td>\n      <td>0.889970</td>\n      <td>-0.009064</td>\n      <td>0.031950</td>\n      <td>-0.322574</td>\n      <td>0.039159</td>\n      <td>0.103998</td>\n      <td>-0.025980</td>\n      <td>-0.147216</td>\n      <td>0.013321</td>\n      <td>-0.079397</td>\n      <td>0.011715</td>\n    </tr>\n    <tr>\n      <th>Num_family</th>\n      <td>0.015102</td>\n      <td>0.078460</td>\n      <td>0.138548</td>\n      <td>0.008782</td>\n      <td>0.062499</td>\n      <td>-0.013669</td>\n      <td>0.004601</td>\n      <td>-0.212479</td>\n      <td>0.889970</td>\n      <td>1.000000</td>\n      <td>0.012132</td>\n      <td>0.028992</td>\n      <td>-0.275471</td>\n      <td>0.055838</td>\n      <td>0.094410</td>\n      <td>-0.020336</td>\n      <td>-0.529024</td>\n      <td>-0.019316</td>\n      <td>-0.076416</td>\n      <td>0.007077</td>\n    </tr>\n    <tr>\n      <th>Account_length</th>\n      <td>-0.005465</td>\n      <td>-0.008431</td>\n      <td>0.025058</td>\n      <td>-0.009627</td>\n      <td>0.015013</td>\n      <td>0.021386</td>\n      <td>-0.024376</td>\n      <td>0.005605</td>\n      <td>-0.009064</td>\n      <td>0.012132</td>\n      <td>1.000000</td>\n      <td>0.023211</td>\n      <td>0.088337</td>\n      <td>0.083700</td>\n      <td>-0.024212</td>\n      <td>0.002673</td>\n      <td>-0.030336</td>\n      <td>-0.053259</td>\n      <td>0.001916</td>\n      <td>0.077492</td>\n    </tr>\n    <tr>\n      <th>Total_income</th>\n      <td>-0.003212</td>\n      <td>0.200750</td>\n      <td>0.221874</td>\n      <td>0.025562</td>\n      <td>-0.030854</td>\n      <td>0.021051</td>\n      <td>0.092321</td>\n      <td>-0.166422</td>\n      <td>0.031950</td>\n      <td>0.028992</td>\n      <td>0.023211</td>\n      <td>1.000000</td>\n      <td>-0.064262</td>\n      <td>0.087641</td>\n      <td>-0.074727</td>\n      <td>-0.238137</td>\n      <td>-0.018963</td>\n      <td>-0.006063</td>\n      <td>-0.067615</td>\n      <td>0.018784</td>\n    </tr>\n    <tr>\n      <th>Age</th>\n      <td>-0.040211</td>\n      <td>-0.173157</td>\n      <td>-0.127670</td>\n      <td>0.134602</td>\n      <td>-0.180719</td>\n      <td>0.044856</td>\n      <td>-0.110262</td>\n      <td>0.617513</td>\n      <td>-0.322574</td>\n      <td>-0.275471</td>\n      <td>0.088337</td>\n      <td>-0.064262</td>\n      <td>1.000000</td>\n      <td>-0.015183</td>\n      <td>-0.218008</td>\n      <td>0.153146</td>\n      <td>0.074095</td>\n      <td>-0.220939</td>\n      <td>0.183317</td>\n      <td>-0.043654</td>\n    </tr>\n    <tr>\n      <th>Years_employed</th>\n      <td>-0.019097</td>\n      <td>-0.028231</td>\n      <td>0.019096</td>\n      <td>-0.021443</td>\n      <td>0.107966</td>\n      <td>0.041816</td>\n      <td>-0.004703</td>\n      <td>-0.410936</td>\n      <td>0.039159</td>\n      <td>0.055838</td>\n      <td>0.083700</td>\n      <td>0.087641</td>\n      <td>-0.015183</td>\n      <td>1.000000</td>\n      <td>0.171930</td>\n      <td>-0.032876</td>\n      <td>-0.053158</td>\n      <td>-0.031775</td>\n      <td>-0.162818</td>\n      <td>-0.009346</td>\n    </tr>\n    <tr>\n      <th>Income_type</th>\n      <td>0.012088</td>\n      <td>0.085587</td>\n      <td>0.040707</td>\n      <td>-0.045539</td>\n      <td>0.148185</td>\n      <td>-0.009908</td>\n      <td>-0.015065</td>\n      <td>-0.361578</td>\n      <td>0.103998</td>\n      <td>0.094410</td>\n      <td>-0.024212</td>\n      <td>-0.074727</td>\n      <td>-0.218008</td>\n      <td>0.171930</td>\n      <td>1.000000</td>\n      <td>0.065048</td>\n      <td>-0.031734</td>\n      <td>0.045609</td>\n      <td>-0.120412</td>\n      <td>0.004886</td>\n    </tr>\n    <tr>\n      <th>Education_type</th>\n      <td>-0.006954</td>\n      <td>0.007809</td>\n      <td>-0.096814</td>\n      <td>0.010153</td>\n      <td>-0.015379</td>\n      <td>-0.046090</td>\n      <td>-0.105466</td>\n      <td>0.115356</td>\n      <td>-0.025980</td>\n      <td>-0.020336</td>\n      <td>0.002673</td>\n      <td>-0.238137</td>\n      <td>0.153146</td>\n      <td>-0.032876</td>\n      <td>0.065048</td>\n      <td>1.000000</td>\n      <td>0.003590</td>\n      <td>-0.032275</td>\n      <td>0.089818</td>\n      <td>-0.013104</td>\n    </tr>\n    <tr>\n      <th>Family_status</th>\n      <td>0.006295</td>\n      <td>-0.073405</td>\n      <td>-0.124707</td>\n      <td>-0.012050</td>\n      <td>-0.052364</td>\n      <td>-0.009700</td>\n      <td>-0.002141</td>\n      <td>0.107131</td>\n      <td>-0.147216</td>\n      <td>-0.529024</td>\n      <td>-0.030336</td>\n      <td>-0.018963</td>\n      <td>0.074095</td>\n      <td>-0.053158</td>\n      <td>-0.031734</td>\n      <td>0.003590</td>\n      <td>1.000000</td>\n      <td>0.040451</td>\n      <td>0.029128</td>\n      <td>0.007497</td>\n    </tr>\n    <tr>\n      <th>Housing_type</th>\n      <td>0.013689</td>\n      <td>0.058014</td>\n      <td>-0.002279</td>\n      <td>-0.182716</td>\n      <td>0.034792</td>\n      <td>-0.027076</td>\n      <td>0.020649</td>\n      <td>-0.105767</td>\n      <td>0.013321</td>\n      <td>-0.019316</td>\n      <td>-0.053259</td>\n      <td>-0.006063</td>\n      <td>-0.220939</td>\n      <td>-0.031775</td>\n      <td>0.045609</td>\n      <td>-0.032275</td>\n      <td>0.040451</td>\n      <td>1.000000</td>\n      <td>-0.040247</td>\n      <td>0.014992</td>\n    </tr>\n    <tr>\n      <th>Occupation_type</th>\n      <td>0.000904</td>\n      <td>-0.109833</td>\n      <td>-0.092603</td>\n      <td>0.022375</td>\n      <td>-0.079943</td>\n      <td>-0.002375</td>\n      <td>-0.024375</td>\n      <td>0.299027</td>\n      <td>-0.079397</td>\n      <td>-0.076416</td>\n      <td>0.001916</td>\n      <td>-0.067615</td>\n      <td>0.183317</td>\n      <td>-0.162818</td>\n      <td>-0.120412</td>\n      <td>0.089818</td>\n      <td>0.029128</td>\n      <td>-0.040247</td>\n      <td>1.000000</td>\n      <td>-0.018049</td>\n    </tr>\n    <tr>\n      <th>Target</th>\n      <td>0.000384</td>\n      <td>0.015033</td>\n      <td>-0.006787</td>\n      <td>-0.028227</td>\n      <td>-0.002919</td>\n      <td>-0.009461</td>\n      <td>0.007184</td>\n      <td>-0.024926</td>\n      <td>0.011715</td>\n      <td>0.007077</td>\n      <td>0.077492</td>\n      <td>0.018784</td>\n      <td>-0.043654</td>\n      <td>-0.009346</td>\n      <td>0.004886</td>\n      <td>-0.013104</td>\n      <td>0.007497</td>\n      <td>0.014992</td>\n      <td>-0.018049</td>\n      <td>1.000000</td>\n    </tr>\n  </tbody>\n</table>\n</div>"},"metadata":{}}]},{"cell_type":"code","source":"corr = data.corr()\nmask = np.triu(np.ones_like(corr, dtype=bool))\nf, ax = plt.subplots(figsize=(10, 10))\ncmap = sns.diverging_palette(230, 10, as_cmap=True)\n# Draw the heatmap with the mask and correct aspect ratio\nsns.heatmap(corr, mask=mask, cmap=cmap, vmax=.3, center=0,square=True, linewidths=.5, cbar_kws={\"shrink\": .5})","metadata":{"execution":{"iopub.status.busy":"2024-05-27T07:28:25.568742Z","iopub.execute_input":"2024-05-27T07:28:25.569178Z","iopub.status.idle":"2024-05-27T07:28:26.344256Z","shell.execute_reply.started":"2024-05-27T07:28:25.569138Z","shell.execute_reply":"2024-05-27T07:28:26.343084Z"},"trusted":true},"execution_count":11,"outputs":[{"execution_count":11,"output_type":"execute_result","data":{"text/plain":"<Axes: >"},"metadata":{}},{"output_type":"display_data","data":{"text/plain":"<Figure size 1000x1000 with 2 Axes>","image/png":"iVBORw0KGgoAAAANSUhEUgAAA2QAAAL+CAYAAADCYtdZAAAAOXRFWHRTb2Z0d2FyZQBNYXRwbG90bGliIHZlcnNpb24zLjcuNSwgaHR0cHM6Ly9tYXRwbG90bGliLm9yZy/xnp5ZAAAACXBIWXMAAA9hAAAPYQGoP6dpAAEAAElEQVR4nOzdeXyN17v///dOwk5kDpHBFISIeVaURFFTtVo1VUtM1UFRQ8nHx1AtUaUtpTppok6Vjj6qmtKUqFAxBa1QUpoOYg5Cu5Hs3x9+9teuiGBvN/F69rEeD3vd617Xde865/Q6a91rm6xWq1UAAAAAgFvOxegEAAAAAOBuRUEGAAAAAAahIAMAAAAAg1CQAQAAAIBBKMgAAAAAwCAUZAAAAABgEAoy